956430130
936773401
453813061
1053311477
341025490
669179249
186570433
400094768
963064572
5046124002
1190584904
5426289335
509795880
874509529
479525916
1684194782
261590142
991488353
1631221833
5343240166
1961975657
679127484
243255299
224852
335418756
335418756
354363792
295636541
422070755
295636541
422070755
236516951
670501048
525361837
809666801
525900075
1828407160
780702468
262734709
447383269
1103534749
428965265
553896016
150184548
736303825
275387690
307100752
5301020069
317800855
209773095
294657762
126021841
358044305
104314119
610903413
44595625
44595625
1047665135
1047665135
185427551
209174482
5258032834
5258032834
5258032834
5258032834
1710826928
1710826928
1710826928
874779984
294957546
693321198
176917229
169226125
977792849
396150917
450269865
1030783582
249442767
249442767
342359289
1112086739
740823679
358819510
358819510
856005815
5900483
5268379606
5332433962
1189725366
1012083288
1957398607
394323698
5268379606
5332433962
1189725366
1012083288
1957398607
1009680525
5030498613
391481536
838500927
394323698
394323698
5367758812
2074474718
5336668701
100132249
516054586
972002946
5033904493
1972399268
1920652137
1275909844
1523732019
1685203406
1480788028
205017535
1083844144
371301840
826714754
749456846
435672505
546292062
692501550
681754040
696492931
601044765
350894282
162726413
400753764
775757851
82996551
546292062
208798026
133813324
116838192
34740381
61244131
439347904
1384975415
1051705485
127613104
62320649
113351142
49865674
398292752
296092747
833388253
191888657
164172763
167568328
104314119
5268379606
5332433962
1189725366
1012083288
1957398607
1009680525
775757851
64812334
556753908
204331822
99345104
336341426
257758629
547855311
208798026
82996551
1051705485
296092747
2321598
49865674
1394530085
116838192
167568328
833388253
104314119
133813324
164172763
775757851
439347904
211301931
833388253
336341426
1293330832
210944655
82996551
208798026
169716390
236514430
602053628
1051705485
547855311
133813324
556753908
455018473
1013731067
149232179
213489995
546292062
49865674
296092747
164172763
167568328
104314119
1468042460
1764107193
1028903078
395957715
757405835
374376745
414125210
400353854
246916231
2011257832
688635252
465718492
1941399046
1232049769
394323698
162726413
400753764
775757851
82996551
546292062
208798026
133813324
116838192
34740381
61244131
439347904
1384975415
1051705485
127613104
62320649
113351142
49865674
398292752
296092747
833388253
191888657
164172763
167568328
104314119
5268379606
5332433962
1189725366
1012083288
1957398607
1009680525
775757851
64812334
556753908
204331822
99345104
336341426
257758629
547855311
208798026
82996551
1051705485
296092747
2321598
49865674
1394530085
116838192
167568328
833388253
104314119
133813324
164172763
775757851
439347904
211301931
833388253
336341426
1293330832
210944655
82996551
208798026
169716390
236514430
602053628
1051705485
547855311
133813324
556753908
455018473
1013731067
149232179
213489995
546292062
49865674
296092747
164172763
167568328
104314119
386689796
449296530
479315278
328065148
355573120
1583034049
1329251777
324027718
304768099
5177188632
394323698
162726413
400753764
775757851
82996551
546292062
208798026
133813324
116838192
34740381
61244131
439347904
1384975415
1051705485
127613104
62320649
113351142
49865674
398292752
296092747
833388253
191888657
164172763
167568328
104314119
5268379606
5332433962
1189725366
1012083288
1957398607
1009680525
775757851
64812334
556753908
204331822
99345104
336341426
257758629
547855311
208798026
82996551
1051705485
296092747
2321598
49865674
1394530085
116838192
167568328
833388253
104314119
133813324
164172763
775757851
439347904
211301931
833388253
336341426
1293330832
210944655
82996551
208798026
169716390
236514430
602053628
1051705485
547855311
133813324
556753908
455018473
1013731067
149232179
213489995
546292062
49865674
296092747
164172763
167568328
104314119
692298563
312631419
158645899
1048101238
106347374
225091035
854535692
621008825
848303421
476677748
178806643
5283777826
374909058
1296019808
38620629
113232299
247173141
1782572601
139393164
431822073
375524556
428510752
709716632
503291534
982456873
740684727
124376532
1197737649
410985903
224271676
949052033
1930302531
392257916
505455881
440581273
73003966
896806934
367241023
189941144
347915738
475169627
454998899
390581647
366892856
541891158
721749904
378878630
1119158924
639071868
448375774
199048837
1036361155
455382154
861232479
217680278
654686613
508336956
366014527
5150867441
870419300
1036011350
170987449
765173875
869636098
88178268
1188710481
1161363089
855287664
290974365
423814104
162726413
400753764
775757851
82996551
546292062
208798026
133813324
116838192
34740381
61244131
439347904
1384975415
1051705485
127613104
62320649
113351142
49865674
398292752
296092747
833388253
191888657
164172763
167568328
104314119
5332433962
1189725366
1012083288
1957398607
1009680525
775757851
64812334
556753908
204331822
99345104
336341426
257758629
547855311
208798026
82996551
1051705485
296092747
2321598
49865674
1394530085
116838192
167568328
833388253
104314119
133813324
164172763
775757851
439347904
211301931
833388253
336341426
1293330832
210944655
82996551
208798026
169716390
236514430
602053628
1051705485
547855311
133813324
556753908
455018473
1013731067
149232179
213489995
546292062
49865674
296092747
164172763
167568328
104314119
5022601280
857727556
162726413
400753764
775757851
82996551
546292062
208798026
133813324
116838192
34740381
61244131
439347904
1384975415
1051705485
127613104
62320649
113351142
49865674
398292752
296092747
833388253
191888657
164172763
167568328
104314119
5332433962
1189725366
1012083288
1957398607
1009680525
775757851
64812334
556753908
204331822
99345104
336341426
257758629
547855311
208798026
82996551
1051705485
296092747
2321598
49865674
1394530085
116838192
167568328
833388253
104314119
133813324
164172763
775757851
439347904
211301931
833388253
336341426
1293330832
210944655
82996551
208798026
169716390
236514430
602053628
1051705485
547855311
133813324
556753908
455018473
1013731067
149232179
213489995
546292062
49865674
296092747
164172763
167568328
104314119
706002833
277804592
162726413
400753764
775757851
82996551
546292062
208798026
133813324
116838192
34740381
61244131
439347904
1384975415
1051705485
127613104
62320649
113351142
49865674
398292752
296092747
833388253
191888657
164172763
167568328
104314119
5332433962
1189725366
1012083288
1957398607
1009680525
775757851
64812334
556753908
204331822
99345104
336341426
257758629
547855311
208798026
82996551
1051705485
296092747
2321598
49865674
1394530085
116838192
167568328
833388253
104314119
133813324
164172763
775757851
439347904
211301931
833388253
336341426
1293330832
210944655
82996551
208798026
169716390
236514430
602053628
1051705485
547855311
133813324
556753908
455018473
1013731067
149232179
213489995
546292062
49865674
296092747
164172763
167568328
104314119
1365425172
162726413
400753764
775757851
82996551
546292062
208798026
133813324
116838192
34740381
61244131
439347904
1384975415
1051705485
127613104
62320649
113351142
49865674
398292752
296092747
833388253
191888657
164172763
167568328
104314119
5332433962
1189725366
1012083288
1957398607
1009680525
775757851
64812334
556753908
204331822
99345104
336341426
257758629
547855311
208798026
82996551
1051705485
296092747
2321598
49865674
1394530085
116838192
167568328
833388253
104314119
133813324
164172763
775757851
439347904
211301931
833388253
336341426
1293330832
210944655
82996551
208798026
169716390
236514430
602053628
1051705485
547855311
133813324
556753908
455018473
1013731067
149232179
213489995
546292062
49865674
296092747
164172763
167568328
104314119
983827667
360309846
162726413
400753764
775757851
82996551
546292062
208798026
133813324
116838192
34740381
61244131
439347904
1384975415
1051705485
127613104
62320649
113351142
49865674
398292752
296092747
833388253
191888657
164172763
167568328
104314119
5268379606
5332433962
1189725366
1012083288
1957398607
1009680525
775757851
64812334
556753908
204331822
99345104
336341426
257758629
547855311
208798026
82996551
1051705485
296092747
2321598
49865674
1394530085
116838192
167568328
833388253
104314119
133813324
164172763
775757851
439347904
211301931
833388253
336341426
1293330832
210944655
82996551
208798026
169716390
236514430
602053628
1051705485
547855311
133813324
556753908
455018473
1013731067
149232179
213489995
546292062
49865674
296092747
164172763
167568328
104314119
97385537
384022
648232977
642277616
673730804
162726413
400753764
775757851
82996551
546292062
208798026
133813324
116838192
34740381
61244131
439347904
1384975415
1051705485
127613104
62320649
113351142
49865674
398292752
296092747
833388253
191888657
164172763
167568328
104314119
5268379606
5332433962
1189725366
1012083288
1957398607
1009680525
775757851
64812334
556753908
204331822
99345104
336341426
257758629
547855311
208798026
82996551
1051705485
296092747
2321598
49865674
1394530085
116838192
167568328
833388253
104314119
133813324
164172763
775757851
439347904
211301931
833388253
336341426
1293330832
210944655
82996551
208798026
169716390
236514430
602053628
1051705485
547855311
133813324
556753908
455018473
1013731067
149232179
213489995
546292062
49865674
296092747
164172763
167568328
104314119
319826613
826352235
1127758647
361560700
774454973
1393101923
162726413
400753764
775757851
82996551
546292062
208798026
133813324
116838192
34740381
61244131
439347904
1384975415
1051705485
127613104
62320649
113351142
49865674
398292752
296092747
833388253
191888657
164172763
167568328
104314119
492390411
775757851
439347904
211301931
833388253
336341426
1293330832
210944655
82996551
208798026
169716390
236514430
602053628
1051705485
547855311
133813324
556753908
455018473
1013731067
149232179
213489995
546292062
49865674
296092747
164172763
167568328
104314119
5268379606
5332433962
1189725366
1012083288
1957398607
1009680525
2062015218
303290012
584780725
218324254
483857314
618305698
560981598
116012742
245762868
314531621
1234002148
183881962
1029841824
253956028
211898087
2078479093
5409540867
5262021387
5216348123
2049356580
5036286140
2143091885
5387830626
5384029465
5348399140
5144429802
5096799667
5337911799
5393352452
5339451144
5241083914
5131108110
5213732048
5349127819
5053939710
5122274686
5349112735
5318050605
5132371227
5113766239
1223386509
5256592900
5211169323
5145849246
1835486633
1929592841
1751325662
1952138641
5231925099
5286291529
1786582539
2126326678
1941721813
2138220683
1152856082
642455616
419506337
5367758812
2074474718
5336668701
100132249
516054586
972002946
5033904493
1972399268
1920652137
1275909844
1523732019
1685203406
1480788028
205017535
1083844144
371301840
826714754
749456846
435672505
546292062
692501550
681754040
696492931
601044765
350894282
670739392
1451950795
5026574437
5367758812
5336668701
1953795518
1782503645
567628798
1685203406
1523732019
1466957130
845461480
1083844144
371301840
139900270
874596638
749456846
169561621
546292062
601044765
681754040
435672505
350894282
729480787
476234148
5354145829
73618612
1979858013
1980594509
1974199757
1523732019
1685203406
281307539
1083844144
371301840
169561621
749456846
435672505
546292062
601044765
692501550
681754040
523507297
350894282
390752132
212317942
2074474718
5354145829
1953795518
1782503645
945436215
1523732019
1685203406
838525014
1083844144
371301840
629124143
811001840
281307539
749456846
696492931
169561621
546292062
601044765
569982639
102248366
350894282
435672505
523507297
298127338
277751276
5367758812
5336668701
2074474718
996438430
1881176544
534596521
494962154
498720877
1953795518
1782503645
677676597
1523732019
1685203406
1009110243
1359379669
190787584
1083844144
370813582
139900270
580153269
749456846
546292062
601044765
523507297
435672505
350894282
371301840
5126960090
1869615556
785411497
32483914
5552104481
253703008
313092884
194610683
383210280
127404061
482683851
220056729
74464313
5354145829
73618612
1979858013
1980594509
1974199757
1523732019
1685203406
281307539
1083844144
371301840
169561621
749456846
435672505
546292062
601044765
692501550
681754040
523507297
350894282
571994846
761264728
296644135
345644476
1030166327
862359876
255366121
595013532
162726413
400753764
775757851
82996551
546292062
208798026
133813324
116838192
34740381
61244131
439347904
1384975415
1051705485
127613104
62320649
113351142
49865674
398292752
296092747
833388253
191888657
164172763
167568328
104314119
497775094
150386307
5079706144
35471896
5268379606
5332433962
1189725366
1012083288
1957398607
1009680525
871305633
1962964832
304542966
190372429
1548
986960237
986960237
2024837572
1019219453
5367758812
5336668701
1953795518
1782503645
1685203406
1523732019
469156463
996438430
1144697500
909468868
1083844144
259697481
371301840
656167840
617961883
169561621
139900270
281307539
749456846
546292062
601044765
398983945
435672505
523507297
350894282
5354145829
32390961
1953795518
182536291
1782503645
281307539
1685203406
1523732019
523507297
152657534
1083844144
556753908
371301840
503555953
102248366
235611979
169561621
139900270
951082298
749456846
546292062
601044765
222999626
536045059
350894282
435672505
732895735
5367758812
5336668701
2074474718
996438430
1881176544
534596521
494962154
498720877
1953795518
1782503645
677676597
1523732019
1685203406
1009110243
1359379669
190787584
1083844144
370813582
139900270
580153269
749456846
546292062
601044765
523507297
435672505
350894282
371301840
253703008
313092884
194610683
383210280
127404061
482683851
220056729
74464313
5367758812
5354145829
73618612
1979858013
1980594509
1974199757
1523732019
1685203406
281307539
1083844144
371301840
169561621
749456846
435672505
546292062
601044765
692501550
681754040
523507297
350894282
162726413
400753764
775757851
82996551
546292062
208798026
133813324
116838192
34740381
61244131
439347904
1384975415
1051705485
127613104
62320649
113351142
49865674
398292752
296092747
833388253
191888657
164172763
167568328
104314119
5268379606
5332433962
1189725366
1012083288
1957398607
1009680525
869876393
599488850
896807384
500953061
454880526
389102169
321666267
1099237875
17915416
775747028
248242549
1214681295
730182760
1703441440
419851348
1455038545
1798878930
1242003456
5420669337
440351873
5367758812
5336668701
2074474718
996438430
1881176544
534596521
494962154
498720877
1953795518
1782503645
677676597
1523732019
1685203406
1009110243
1359379669
190787584
1083844144
370813582
139900270
580153269
749456846
546292062
601044765
523507297
435672505
350894282
371301840
409299105
432321172
137294569
972865360
5513956124
374496160
698758484
698758484
1213734451
1213734451
5411372776
182179999
342472403
342472403
929561585
929561585
425169175
425169175
5538486217
1406894406
1406894406
21277826
1130099555
131381605
131381605
732368800
732368800
863251851
863251851
5366194556
5366194556
1672021077
1672021077
1372747196
1372747196
889462166
889462166
5126226800
5126226800
230243624
230243624
940815190
940815190
159331992
832132806
593700381
593700381
43752555
517814591
5263721751
5263721751
369345723
369345723
1014692421
1014692421
391117126
391117126
391117126
391117126
1159478703
472520070
472520070
472520070
472520070
354074164
263636787
263636787
263636787
263636787
2104403912
1310408766
1310408766
1310408766
1310408766
5080551351
5080551351
5080551351
5080551351
139369089
139369089
139369089
139369089
1777796221
538883528
538883528
538883528
538883528
763181548
763181548
763181548
763181548
1551648878
1551648878
1551648878
1551648878
1198369050
1198369050
1198369050
1198369050
918926935
918926935
918926935
918926935
5270797448
5270797448
5270797448
5270797448
5280329662
5280329662
5280329662
5280329662
464267810
464267810
464267810
1977929115
5277901605
115079319
555424528
555424528
555424528
949532229
949532229
949532229
949532229
524333922
524333922
524333922
524333922
408974653
408974653
408974653
408974653
158541027
158541027
158541027
158541027
417859387
417859387
888855042
888855042
1107937250
994936943
994936943
994936943
994936943
195967384
195967384
195967384
195967384
882608932
882608932
882608932
882608932
340763682
921139905
441103518
1878110355
1878110355
1878110355
1878110355
433103511
433103511
433103511
433103511
368333418
831338542
831338542
831338542
831338542
194689606
194689606
194689606
194689606
277488779
277488779
277488779
277488779
1901504327
1901504327
1901504327
1901504327
160519163
160519163
160519163
690198656
340903017
340903017
340903017
770648179
1166386203
1166386203
959573897
1129042788
1129042788
417926038
154532645
154532645
154532645
154532645
5116734208
1273291394
1273291394
1273291394
1273291394
399046987
147993612
147993612
147993612
147993612
5435057079
177753564
78209353
78209353
78209353
1946645296
116497756
1190268914
208236572
5577734966
5577734966
5577734966
376671988
398838604
5367758812
5354145829
73618612
1979858013
1980594509
1974199757
1523732019
1685203406
281307539
1083844144
371301840
169561621
749456846
435672505
546292062
601044765
692501550
681754040
523507297
350894282
162726413
400753764
775757851
82996551
546292062
208798026
133813324
116838192
34740381
61244131
439347904
1384975415
1051705485
127613104
62320649
113351142
49865674
398292752
296092747
833388253
191888657
164172763
167568328
104314119
5268379606
5332433962
1189725366
1012083288
1957398607
1009680525
5367758812
5336668701
2074474718
996438430
1881176544
534596521
494962154
498720877
1953795518
1782503645
677676597
1523732019
1685203406
1009110243
1359379669
190787584
1083844144
370813582
139900270
580153269
749456846
546292062
601044765
523507297
435672505
350894282
371301840
215283690
821935424
1020229919
1049879279
783947935
319311513
1434258334
903493843
982799096
1192515047
270620196
569068408
418521829
738547104
210607333
807505556
5033766391
46545888
246206629
1720964007
188358070
1251581099
868845610
1287246840
517500403
1611903260
180805424
560770381
5269371771
848551297
193691423
5284482497
411686100
331632853
144698720
401373520
146363894
1909771449
835416924
150596294
14635353
104927285
5529679019
345109378
1787437304
490630778
803588082
821146572
5026416078
103858857
5219836971
270052999
995797736
754780477
453285359
5059507712
292378172
810515154
226379842
778176162
927909545
149310133
1139861353
563808678
1386527214
924605432
410780180
657250743
722243282
934918024
1669009973
5054479007
632418695
926060396
232389056
1008875449
741921979
812156472
217711858
167401072
300013650
169998443
538610710
233699953
275535235
114456311
1671606304
1691087789
920092635
259513329
389565122
681886536
44129148
202300693
5054817791
2031415764
740828454
1566121899
337291402
56695289
5089338969
784228433
247639838
584800198
459839849
489274747
1833907923
510160256
249948566
387507046
317862084
2123879500
116071925
779560848
5479685456
1715226010
601200119
5069975157
5169657095
1380572472
701731651
1281997265
220905152
1364747247
660037676
5481883843
1042338449
1170219959
562361012
1198140971
410199566
590837370
1563734488
354290907
349765104
195503122
306286791
5179626949
1244009964
723294149
1878536203
477251916
1792533022
170874916
682680651
464996047
380897291
132800265
437969705
1691303311
726936055
295885244
1309954738
905900906
127161254
773314890
823904878
88295779
643260821
1470405600
846613789
4158381
429398235
152068361
573750278
230446136
1476706728
1576156668
126998872
1926043440
278021751
1393642769
45950090
216597806
1454806580
215923727
518521798
424004745
411288286
610577426
509814283
255706118
420605989
1068099658
234944647
241200656
503796210
1026803604
5205489903
5080244992
908471320
218172596
409229777
1606254831
659083207
2094304165
901640992
287542044
5149176487
561501035
5068194729
1738698766
818980
530265953
114930359
541739419
463688513
101077983
638262992
399645674
1446361520
293656194
1613791682
983063396
172947600
233129967
1006935399
279039695
565681251
5262966470
187576133
240616030
746638032
420837780
98570578
399417072
979611771
74174879
1338007597
557786618
290661375
449538421
948804981
1064649419
950262562
560973926
423942594
5103115908
630505190
1134550671
534730311
98617209
820252281
1199088504
387045720
5240749446
362503026
437879604
389182162
623610554
122458544
5172110812
694532494
553381042
1469654478
1684242856
5186185655
418243224
1435437404
672001549
350490506
409094056
192186656
1723257607
886275736
248287129
1481148572
539820535
5041620961
499143516
630685160
5446414064
136219558
994932763
1718987437
851132518
188837450
1904168
283544469
872681696
1181492727
166854531
1249478140
1190584904
1541875875
209703662
105641001
320531474
719246970
398121453
1037617371
1621792374
5062821757
45950090
5367758812
5354145829
73618612
1979858013
1980594509
1974199757
1523732019
1685203406
281307539
1083844144
371301840
169561621
749456846
435672505
546292062
601044765
692501550
681754040
523507297
350894282
162726413
400753764
1293330832
775757851
82996551
546292062
208798026
133813324
116838192
34740381
61244131
439347904
1384975415
1051705485
127613104
62320649
113351142
49865674
398292752
296092747
833388253
191888657
164172763
167568328
104314119
5268379606
1189725366
1012083288
1957398607
1009680525
5331123166
5367758812
5336668701
2074474718
996438430
1881176544
534596521
494962154
498720877
1953795518
1782503645
677676597
1523732019
1685203406
1009110243
190787584
1083844144
370813582
139900270
580153269
749456846
546292062
601044765
523507297
435672505
350894282
371301840
288962776
193403532
1336766610
867882158
632096821
750660201
177243567
1498981735
747589640
917650480
5367758812
5336668701
1953795518
1782503645
1685203406
1523732019
469156463
996438430
1144697500
909468868
1083844144
259697481
371301840
656167840
617961883
169561621
139900270
281307539
749456846
546292062
601044765
398983945
435672505
523507297
350894282
5354145829
32390961
1953795518
182536291
1782503645
281307539
1685203406
1523732019
523507297
152657534
1083844144
556753908
371301840
503555953
102248366
235611979
169561621
139900270
951082298
749456846
546292062
601044765
222999626
536045059
350894282
435672505
1633313755
272339431
294528219
1822768275
61557547
1973231365
45950090
5367758812
5354145829
73618612
1979858013
1980594509
1974199757
1523732019
1685203406
281307539
1083844144
371301840
169561621
749456846
435672505
546292062
601044765
692501550
681754040
523507297
350894282
162726413
400753764
1293330832
775757851
82996551
546292062
208798026
133813324
116838192
34740381
61244131
439347904
1384975415
1051705485
127613104
62320649
113351142
49865674
398292752
296092747
833388253
191888657
164172763
167568328
104314119
5268379606
1189725366
1012083288
1957398607
1009680525
5331123166
5367758812
5336668701
2074474718
996438430
1881176544
534596521
494962154
498720877
1953795518
1782503645
677676597
1523732019
1685203406
1009110243
190787584
1083844144
370813582
139900270
580153269
749456846
546292062
601044765
523507297
435672505
350894282
371301840
395385770
837854961
44720519
1245816056
388753887
558479915
967020946
5216551155
1934126770
519984594
1988510049
85885985
1387859462
1120018743
59463631
444075972
322896165
1486593647
5219653155
437046511
412789829
5566543571
422703267
957777108
501422571
150116313
145962032
790876926
1742573850
927319442
558659647
594048166
709320999
5589898405
444226656
190303816
1241732021
137109404
176464911
457572707
426653316
5151737537
468900093
204592098
190941162
779119488
199650843
473476749
992433185
145229332
738149149
1047554595
487047922
5551143898
1268444
363180480
1038887579
1029321708
905455870
415825991
132251302
535519045
1746995015
503315769
775757851
439347904
211301931
833388253
336341426
1293330832
210944655
82996551
208798026
169716390
236514430
602053628
1051705485
547855311
133813324
556753908
455018473
1013731067
149232179
213489995
546292062
49865674
296092747
164172763
167568328
104314119
5354145829
32390961
1953795518
182536291
1782503645
281307539
1685203406
1523732019
523507297
152657534
1083844144
556753908
371301840
503555953
102248366
235611979
169561621
139900270
951082298
749456846
546292062
601044765
222999626
536045059
350894282
435672505
1969336711
5158081369
1021038886
537284905
544014851
5448621557
138009
5438740625
230980417
1926649997
5258716109
432133307
321414089
525147191
420465217
513901754
968374921
1108290
78432337
793685384
1659819305
473343254
1276506545
440153824
440153824
45950090
5367758812
5354145829
73618612
1979858013
1980594509
1974199757
1523732019
1685203406
281307539
1083844144
371301840
169561621
749456846
435672505
546292062
601044765
692501550
681754040
523507297
350894282
162726413
400753764
1293330832
775757851
82996551
546292062
208798026
133813324
116838192
34740381
61244131
439347904
1384975415
1051705485
127613104
62320649
113351142
49865674
398292752
296092747
833388253
191888657
164172763
167568328
104314119
5268379606
1189725366
1012083288
1957398607
1009680525
5331123166
5367758812
5336668701
2074474718
996438430
1881176544
534596521
494962154
498720877
1953795518
1782503645
677676597
1523732019
1685203406
1009110243
190787584
1083844144
370813582
139900270
580153269
749456846
546292062
601044765
523507297
435672505
350894282
371301840
775757851
439347904
211301931
833388253
336341426
1293330832
210944655
82996551
208798026
169716390
236514430
602053628
1051705485
547855311
133813324
556753908
455018473
1013731067
149232179
213489995
546292062
49865674
296092747
164172763
167568328
104314119
5354145829
32390961
1953795518
182536291
1782503645
281307539
1685203406
1523732019
523507297
152657534
1083844144
556753908
371301840
503555953
102248366
235611979
169561621
139900270
951082298
749456846
546292062
601044765
222999626
536045059
350894282
435672505
5367758812
5336668701
1953795518
1782503645
567628798
1685203406
1523732019
1466957130
845461480
1083844144
371301840
139900270
874596638
749456846
169561621
546292062
601044765
681754040
435672505
350894282
1055423441
242342529
1230480769
5023815234
484597788
2140601022
229641476
180435263
105577175
2143340027
438417267
1697212543
1690379220
558974515
233000975
1371542244
972465328
896668584
670165683
138830441
656552898
187232468
592778378
1043808395
1229994175
5322772018
546292062
1945142889
1775796245
1784358004
2140388353
5353311043
579479493
2127701203
484597788
2002281014
2078094506
378332366
1979057344
1742061654
509643429
1137559512
792620617
5554197852
5315572023
5314323012
1556112492
273344070
1108769463
1094241103
924602568
2790489
893172383
5367758812
5354145829
1980594509
1974199757
1772839642
1685203406
775286150
580153269
1083844144
969781155
435672505
749456846
937340577
699009653
1193864957
247907800
538510830
1461051461
2078353880
425507842
402173639
5367758812
5336668701
1953795518
1782503645
1685203406
1523732019
469156463
996438430
1144697500
909468868
1083844144
259697481
371301840
656167840
617961883
169561621
139900270
281307539
749456846
546292062
601044765
398983945
435672505
523507297
350894282
609579550
918135998
45950090
5367758812
2074474718
5354145829
1953795518
1782503645
945436215
1523732019
1685203406
838525014
1083844144
371301840
629124143
811001840
281307539
749456846
696492931
169561621
546292062
601044765
569982639
102248366
350894282
435672505
523507297
690096183
5409540867
5241083914
5131108110
5213732048
5349127819
5053939710
1223386509
5211169323
1835486633
1929592841
1751325662
1952138641
5231925099
5286291529
1152856082
642455616
419506337
480620623
66357433
1102090443
45950090
5367758812
5354145829
73618612
1979858013
1980594509
1974199757
1523732019
1685203406
281307539
1083844144
371301840
169561621
749456846
435672505
546292062
601044765
692501550
681754040
523507297
350894282
162726413
400753764
1293330832
775757851
82996551
546292062
208798026
133813324
116838192
34740381
61244131
439347904
1384975415
1051705485
127613104
62320649
113351142
49865674
398292752
296092747
833388253
191888657
164172763
167568328
104314119
5268379606
1189725366
1012083288
1957398607
1009680525
5331123166
5367758812
5336668701
2074474718
996438430
1881176544
534596521
494962154
498720877
1953795518
1782503645
677676597
1523732019
1685203406
1009110243
190787584
1083844144
370813582
139900270
580153269
749456846
546292062
601044765
523507297
435672505
350894282
371301840
775757851
439347904
211301931
833388253
336341426
1293330832
210944655
82996551
208798026
169716390
236514430
602053628
1051705485
547855311
133813324
556753908
455018473
1013731067
149232179
213489995
546292062
49865674
296092747
164172763
167568328
104314119
5354145829
32390961
1953795518
182536291
1782503645
281307539
1685203406
1523732019
523507297
152657534
1083844144
556753908
371301840
503555953
102248366
235611979
169561621
139900270
951082298
749456846
546292062
601044765
222999626
536045059
350894282
435672505
5409540867
5241083914
5131108110
5213732048
5349127819
5053939710
1223386509
5211169323
1835486633
1929592841
1751325662
1952138641
5231925099
5286291529
1152856082
642455616
419506337
5367758812
5336668701
1953795518
1782503645
567628798
1685203406
1523732019
1466957130
845461480
1083844144
371301840
139900270
874596638
749456846
169561621
546292062
601044765
681754040
435672505
350894282
5367758812
5336668701
1953795518
1782503645
1685203406
1523732019
469156463
996438430
1144697500
909468868
1083844144
259697481
371301840
656167840
617961883
169561621
139900270
281307539
749456846
546292062
601044765
398983945
435672505
523507297
350894282
45950090
5367758812
2074474718
5354145829
1953795518
1782503645
945436215
1523732019
1685203406
838525014
1083844144
371301840
629124143
811001840
281307539
749456846
696492931
169561621
546292062
601044765
569982639
102248366
350894282
435672505
523507297
1230480769
5023815234
484597788
2140601022
229641476
180435263
105577175
2143340027
438417267
1697212543
1690379220
558974515
233000975
1371542244
972465328
896668584
670165683
138830441
5322772018
546292062
1945142889
1775796245
1784358004
2127701203
484597788
2002281014
2078094506
378332366
1979057344
1742061654
509643429
1137559512
792620617
5554197852
5315572023
5314323012
1556112492
273344070
1108769463
1094241103
924602568
2790489
893172383
5367758812
5354145829
1980594509
1974199757
1772839642
1685203406
775286150
580153269
1083844144
969781155
435672505
749456846
1084087792
687668680
5033918843
5198275657
1602724382
1299514924
507971267
265921984
645674614
271805091
383672265
717464435
1790687494
1379543546
236065285
653206413
274842217
301386430
511456340
939411125
694432189
75475828
197735333
1190982449
756277886
533657841
831852903
355132962
113030541
781586594
589702262
682869628
402388457
441809052
340111538
65729254
5320834523
479373186
249316230
126472466
265000830
5177156982
176015396
382531615
1340256066
142390169
1108251902
446398730
446398730
1044798354
284840033
284840033
1205180349
1205180349
734147767
734147767
602137459
362878960
324702360
1242434106
377927350
902165116
5172831879
120810313
583229428
917237615
1875425308
579034779
497120009
603870502
861592912
265312949
744013502
744013502
171448249
321901347
1093958079
5206860778
5033452221
5049964479
203317202
1037551633
479847234
442168326
442168326
171870562
5071725593
707160402
5106852697
939887313
828708676
2106471405
1173622388
1656288833
5322972023
322085839
429746432
5108271050
5105575431
5105575431
5105575431
5551031685
5551031685
5551031685
293864178
293864178
293864178
5059678792
5059678792
953780411
384822091
5278158087
1726558029
474349141
166514873
450661640
828517301
722542737
189008612
189008612
418707220
5304673201
418707220
5304673201
418707220
5304673201
5289822496
5289822496
259006592
401200450
1603105997
665092256
1237263608
191245777
868033977
341352622
471858519
451208371
1313948582
452753927
567876899
524614393
5158841714
899902949
479082877
1550811087
5373050551
416910661
500459562
1372710489
5023791032
548839692
802653045
802653045
802653045
225705169
5043379710
337625939
5332865527
5332865527
5332865527
464212898
291500511
504017050
339463209
378998463
825752379
709968960
387259
481827519
5285390701
5285390701
5285390701
5267817503
5267817503
523435317
473921459
438515322
491433474
1387163043
1355484743
422165794
1760708955
588647615
826994922
159230149
159230149
2146560312
628778027
279335755
5129984283
255439919
834047084
512404936
62585154
1357773433
1096212386
488876530
5026056935
328524638
195092693
71628582
71628582
476087238
5396669218
1806266560
231869138
166930546
1132416868
1061472399
504072534
135348906
130666174
406302613
1492569207
388942835
5513741002
5513741002
277814137
339610014
940107964
1879352670
1029772634
216903827
216903827
466717475
783324329
433803074
298737374
63497973
350407825
233735810
754442752
904060995
619292272
619292272
322965584
-1001635924651
-1001635924651
421681815
1058235514
5447059864
5447059864
186658903
409724608
350669863
350669863
1310981810
292263762
292263762
5511934398
5511934398
5511934398
5454505451
5454505451
5454505451
386164549
386164549
5260674888
588633423
588633423
588633423
427277938
1348959205
911647114
155913091
410280455
90123468
90123468
90123468
5134881879
295234136
218028674
354498425
922127326
359075734
1065048441
1065048441
1065048441
534350380
5403322666
5130764242
470584103
150092028
446370222
898896976
528528431
702625693
702625693
682729284
1084680660
816639710
692831854
204496047
859151165
644487015
1803000937
410741943
1803000937
410741943
1803000937
410741943
5008874172
1119737250
121111084
5102022906
293590919
719308460
194481805
5484497739
5484497739
540546625
207515613
180576032
395546330
1036622690
326485989
326485989
916341755
916341755
5093868232
914391148
983746208
5369739780
1332486
5259371337
466985721
466985721
1448491487
357498223
831865781
719605908
407014928
5326502053
1403265479
1063212604
339302592
468261756
1016320614
889499318
5106617464
169323419
169323419
2101893860
797164570
366535345
212972518
581789475
581789475
581789475
283274767
624397093
283274767
624397093
1345860464
1152830631
408794548
440776995
5548513880
141026209
215833807
215833807
1302498339
243317276
787096109
469205925
1149002184
385975314
465152832
465152832
465152832
1667716378
965973018
965973018
965973018
5373812804
5373812804
1443094608
70697634
2024496855
458973709
480551505
1033436366
916570364
329617695
563973
1775184125
111949194
1190727817
1291342053
435593512
435593512
435593512
1083595597
1083595597
419720322
92836
496674793
823947549
184699921
184699921
1129633792
1798577362
425969988
432295559
392469327
1711404156
5525248299
251272705
510969747
164001322
1336689449
332355699
1327682170
1327682170
1327682170
1327682170
329019794
5280564240
5280564240
5280564240
5280564240
227602918
569709900
1066903418
1066903418
1066903418
1066903418
866614038
245196277
245196277
705355045
879990123
1552789654
970362956
121848416
1298865425
793670542
1676404941
345557305
384232787
384232787
384232787
545690381
985765380
1826545249
1826545249
248869499
642741761
191544169
5314720961
5080743926
5080743926
2007164083
443877224
431510294
431510294
788077715
408828175
1312567395
250936868
250936868
250936868
516036304
985017013
609342992
852313129
319285047
1163163549
216781088
2105451558
1966533350
663940118
1766584799
499428961
241674922
241674922
241674922
5376116777
952734401
1186619607
836592924
5597604714
1074171156
327196761
946073322
624459504
717082826
1434522676
517377494
517377494
517377494
517377494
509294042
-1001671710362
-1001671710362
415314308
947405799
165251666
1270651299
1949862412
1609671058
986340865
61475742
61475742
61475742
61475742
148461140
148461140
148461140
256222310
751261840
296499506
495992682
316468134
238212471
266989872
427386475
95451234
456492952
975905804
720558549
5129015185
1061581931
5366847534
189363692
941538936
178656028
5121275799
5022918114
1266274890
107581188
437302049
1230480769
5023815234
484597788
2140601022
229641476
180435263
105577175
2143340027
438417267
1697212543
1690379220
558974515
233000975
1371542244
972465328
896668584
670165683
138830441
5322772018
546292062
1945142889
1775796245
1784358004
2127701203
484597788
2002281014
2078094506
378332366
1979057344
1742061654
509643429
1137559512
792620617
5554197852
5315572023
5314323012
1556112492
273344070
1108769463
1094241103
924602568
2790489
893172383
5367758812
5354145829
1980594509
1974199757
1772839642
1685203406
775286150
580153269
1083844144
969781155
435672505
749456846
5367758812
5336668701
1953795518
1782503645
567628798
1685203406
1523732019
1466957130
845461480
1083844144
371301840
139900270
874596638
749456846
169561621
546292062
601044765
681754040
435672505
350894282
5367758812
5336668701
1953795518
1782503645
1685203406
1523732019
469156463
996438430
1144697500
909468868
1083844144
259697481
371301840
656167840
617961883
169561621
139900270
281307539
749456846
546292062
601044765
398983945
435672505
523507297
350894282
45950090
5367758812
2074474718
5354145829
1953795518
1782503645
945436215
1523732019
1685203406
838525014
1083844144
371301840
629124143
811001840
281307539
749456846
696492931
169561621
546292062
601044765
569982639
102248366
350894282
435672505
523507297
775757851
439347904
211301931
833388253
336341426
1293330832
210944655
82996551
208798026
169716390
236514430
602053628
1051705485
547855311
556753908
455018473
1013731067
149232179
213489995
546292062
49865674
296092747
164172763
167568328
104314119
5354145829
32390961
1953795518
182536291
1782503645
281307539
1685203406
1523732019
523507297
152657534
1083844144
556753908
371301840
503555953
102248366
235611979
169561621
139900270
951082298
749456846
546292062
601044765
222999626
536045059
350894282
435672505
5409540867
5241083914
5131108110
5213732048
5349127819
5053939710
1223386509
5211169323
1835486633
1929592841
1751325662
1952138641
5231925099
5286291529
1152856082
642455616
419506337
742072563
5585440498
345893184
64092511
169495215
316881763
275618022
1626589662
1749289193
534705804
278508051
1996328408
1308912164
45950090
5367758812
5354145829
73618612
1979858013
1980594509
1974199757
1523732019
1685203406
281307539
1083844144
371301840
169561621
749456846
435672505
546292062
601044765
692501550
681754040
523507297
350894282
162726413
400753764
1293330832
775757851
82996551
546292062
208798026
133813324
116838192
34740381
61244131
439347904
1384975415
1051705485
127613104
62320649
113351142
49865674
398292752
296092747
833388253
191888657
164172763
167568328
104314119
5268379606
1189725366
1012083288
1957398607
1009680525
5331123166
5367758812
5336668701
2074474718
996438430
1881176544
534596521
494962154
498720877
1953795518
1782503645
677676597
1523732019
1685203406
1009110243
190787584
1083844144
370813582
139900270
580153269
749456846
546292062
601044765
523507297
435672505
350894282
371301840
150094651
406385251
1504678575
734197174
421288766
76931424
346484845
765739270
574577223
637751455
271755596
1221555125
1963872670
1060247189
216568633
390991095
227918026
484293211
365652507
597825487
5483777469
1839016277
627454959
1148377632
793339545
1368272426
252821905
287900917
713786629
944249476
5304649268
342961608
481666018
901850633
610158337
292092225
5183256009
192713674
1265632152
155488507
181609846
226594540
339829999
701607607
749733758
1312155846
252495518
1216750798
335390457
792872767
213442220
149805242
1182536677
1336650414
1440829355
249656469
86375543
1899881982
5404512087
248154215
431173473
264099289
635215250
226202969
427374263
212619184
206375350
5459549339
304087255
1631797828
374941197
215850634
1845701385
234084548
423798633
265628748
825631269
948521074
1869517230
1335551028
210078745
770844882
1767485536
555045057
177760279
179583275
1557628702
1054091822
179906277
507608769
849001269
762582961
943778376
335604183
492212990
195212718
1339911546
894938173
937005738
926274612
76580068
1047770009
343537316
382884566
376204487
744173077
286190308
189604126
708363902
1269335855
5515219712
526844105
230190118
504089961
456255228
911471226
1117736935
440340475
475513178
317234135
522312411
487357466
88167048
350264755
464934714
437914076
360255679
1099075326
439345843
476746705
516792526
373492389
352630504
860914144
586677236
208048679
1901854654
388964547
5166688944
1800343383
671507967
5346125139
1094646430
128443218
412544392
915510390
1198188111
1018922116
212168712
5354676571
149194573
334163712
563857681
178692108
209352745
214610860
5381763644
147954290
437763006
1455131499
639670654
5445295793
5335316393
886809239
648879900
352947017
956097003
821728308
1841253714
432206976
1872647149
1575102473
343297568
499070699
420348012
1051772180
257212325
1634849877
5318444101
1989174003
1012684919
240106399
312604838
93394294
787431210
967763650
1918196695
1975003560
1000457321
907509204
1119308348
1711269846
189309529
1120281441
315498255
628723781
871433119
335414426
1091288763
133619476
399552379
5259184444
706034288
810836961
504916882
700597668
1212315203
937382715
415522003
644641092
314699963
407340232
735929598
1087065967
867207783
1394284347
807480742
820127890
205286665
514368289
410115769
434661152
740120655
685738942
547757951
965653
608444207
456437503
270038581
763805175
331848974
1514799653
5490969122
95718793
1110677965
2012594107
1025492843
1462904026
1037517567
157085481
567086694
1036834072
346528393
469236892
851063492
442250877
1309884094
379240774
49308121
122781253
5356596353
73741352
246038010
5246480007
438529109
5146479591
516101622
100057700
668953882
960593656
1362824967
667485245
2064435938
104345317
435367051
1794463010
712901337
880325615
322242622
1266093225
419171171
368502403
1029896645
941582469
511980235
551990657
448865827
5346332559
980551440
253782259
931372606
304510023
5253519185
308397943
187257277
5077000345
740521703
1148749531
116113807
231159891
70880847
27246982
447033705
1627764990
583408438
604433928
172122195
393030914
1884283265
1862506815
67605033
230818137
1356691161
225277286
270911583
1321664651
399139753
737568448
553147242
1366903035
57939919
434315427
41370701
469703173
843461697
775070078
664497497
518652941
370751491
850614606
857345516
655482176
245267188
693001645
836346728
351127322
548366986
158616149
395076437
5206560741
5136023809
42065394
387886324
833388253
149232179
336341426
213489995
49865674
775757851
2321598
1370077888
1297531308
536179769
478755983
82996551
1261153670
167568328
104314119
1039229545
550541515
5259792203
710947057
78131894
466698688
45950090
5367758812
5354145829
73618612
1979858013
1980594509
1974199757
1523732019
1685203406
281307539
1083844144
371301840
169561621
749456846
435672505
546292062
601044765
692501550
681754040
523507297
350894282
162726413
400753764
1293330832
775757851
82996551
546292062
208798026
133813324
116838192
34740381
61244131
439347904
1384975415
1051705485
127613104
62320649
113351142
49865674
398292752
296092747
833388253
191888657
164172763
167568328
104314119
5268379606
1189725366
1012083288
1957398607
1009680525
5331123166
5367758812
5336668701
2074474718
996438430
1881176544
534596521
494962154
498720877
1953795518
1782503645
677676597
1523732019
1685203406
1009110243
190787584
1083844144
370813582
139900270
580153269
749456846
546292062
601044765
523507297
435672505
350894282
371301840
775757851
439347904
211301931
833388253
336341426
1293330832
210944655
82996551
208798026
169716390
236514430
602053628
1051705485
547855311
556753908
455018473
1013731067
149232179
213489995
546292062
49865674
296092747
164172763
167568328
104314119
5354145829
32390961
1953795518
182536291
1782503645
281307539
1685203406
1523732019
523507297
152657534
1083844144
556753908
371301840
503555953
102248366
235611979
169561621
139900270
951082298
749456846
546292062
601044765
222999626
536045059
350894282
435672505
5409540867
5241083914
5131108110
5213732048
5349127819
5053939710
1223386509
5211169323
1835486633
1929592841
1751325662
1952138641
5231925099
5286291529
1152856082
642455616
419506337
833388253
149232179
336341426
213489995
49865674
775757851
2321598
1370077888
1297531308
536179769
478755983
82996551
1261153670
167568328
104314119
5331123166
5367758812
5336668701
1953795518
1782503645
567628798
1685203406
1523732019
1466957130
845461480
1083844144
371301840
139900270
874596638
749456846
169561621
546292062
601044765
681754040
435672505
350894282
5331123166
5367758812
5336668701
1953795518
1782503645
1685203406
1523732019
469156463
996438430
1144697500
909468868
1083844144
259697481
371301840
656167840
617961883
169561621
139900270
281307539
749456846
546292062
601044765
398983945
435672505
523507297
350894282
45950090
5367758812
2074474718
5354145829
1953795518
1782503645
945436215
1523732019
1685203406
838525014
1083844144
371301840
629124143
811001840
281307539
749456846
696492931
169561621
546292062
601044765
569982639
102248366
350894282
435672505
523507297
5253519185
308397943
187257277
5077000345
740521703
1148749531
116113807
231159891
70880847
27246982
447033705
1627764990
583408438
604433928
172122195
393030914
1884283265
1862506815
67605033
230818137
1356691161
225277286
270911583
1321664651
399139753
737568448
553147242
1366903035
57939919
434315427
41370701
469703173
843461697
775070078
664497497
518652941
370751491
850614606
857345516
655482176
245267188
693001645
836346728
351127322
548366986
158616149
395076437
5206560741
5136023809
42065394
387886324
1230480769
5023815234
484597788
2140601022
229641476
180435263
105577175
2143340027
438417267
1697212543
1690379220
558974515
233000975
1371542244
972465328
896668584
670165683
138830441
5322772018
546292062
1945142889
1775796245
1784358004
2127701203
484597788
2002281014
2078094506
378332366
1979057344
1742061654
509643429
1137559512
792620617
5554197852
5315572023
5314323012
1556112492
273344070
1108769463
1094241103
924602568
2790489
893172383
5367758812
5354145829
1980594509
1974199757
1772839642
1685203406
775286150
580153269
1083844144
969781155
435672505
749456846
1881276565
531071427
1751902251
496917600
251719557
848700338
5061302446
393392902
89904575
1267749171
1145610821
841525313
784608131
852457687
5454033612
1645048472
461654099
312453061
2043880619
652399059
762055424
42616433
882008332
248712021
247704431
151022826
813669196
145897386
634040461
891073029
326767059
676796982
1204311182
378340151
849299824
1123846595
127614289
65568429
1071683306
527440750
869894932
834827808
978905819
241907417
932198896
169398969
5239914518
688531014
5525770133
717110044
1378202726
476017891
169487575
5410467107
352879931
285110638
397761977
155506437
253776110
512588011
491049795
743178231
679767465
805291773
392402892
5063301136
557521273
97264654
737380360
325957607
2098574499
437877388
419833841
180460783
91535820
1252771663
457388433
671099738
1457139723
540750320
751182438
256392965
1567983431
373886176
5461525346
160391048
495094632
306311306
120995562
333362826
1073161
365821736
503279644
5463669911
34582398
1286695590
426640705
5197349283
1350284958
1412715486
1207079631
703671389
361818519
188985481
1690269595
956086122
5425471143
569274891
None
None
None
None
None
407724404
None
112985366
None
None
None
None
None
1219354175
5550257597
515875454
1879296204
408324688
179609537
681245478
1826177796
182815435
316753483
1511913190
227868890
1302602978
1005514039
5332449810
305345583
194978163
1199675568
159620259
916260058
431177947
349902550
184225399
1978042508
329570590
114316415
86659425
565860272
940962877
970827112
274170511
980116532
290371056
5365447252
5141119460
861148554
195500563
5259010869
257159320
677824419
1364053149
2021522240
1085247479
737648615
328366098
446990113
1783677470
5074819383
1121638641
5245998026
254469092
531151409
840240854
325674590
347033264
367838074
754368552
245127697
787671739
351103939
45950090
5367758812
5354145829
73618612
1979858013
1980594509
1974199757
1523732019
1685203406
281307539
1083844144
371301840
169561621
749456846
435672505
546292062
601044765
692501550
681754040
523507297
350894282
45950090
162726413
400753764
1293330832
775757851
82996551
546292062
208798026
133813324
116838192
34740381
61244131
439347904
1384975415
1051705485
127613104
62320649
113351142
49865674
398292752
296092747
833388253
191888657
164172763
167568328
104314119
5268379606
1189725366
1012083288
1957398607
1009680525
5331123166
5367758812
5336668701
2074474718
996438430
1881176544
534596521
494962154
498720877
1953795518
1782503645
677676597
1523732019
1685203406
1009110243
190787584
1083844144
370813582
139900270
580153269
749456846
546292062
601044765
523507297
435672505
350894282
371301840
5001302985
695197535
66169426
59182208
823924437
5268402857
951180330
286571141
5331123166
5367758812
5336668701
1953795518
1782503645
567628798
1685203406
1523732019
1466957130
845461480
1083844144
371301840
139900270
874596638
749456846
169561621
546292062
601044765
681754040
435672505
350894282
5331123166
5367758812
5336668701
1953795518
1782503645
1685203406
1523732019
469156463
996438430
1144697500
909468868
1083844144
259697481
371301840
656167840
617961883
169561621
139900270
281307539
749456846
546292062
601044765
398983945
435672505
523507297
350894282
45950090
5367758812
2074474718
5354145829
1953795518
1782503645
945436215
1523732019
1685203406
838525014
1083844144
371301840
629124143
811001840
281307539
749456846
696492931
169561621
546292062
601044765
569982639
102248366
350894282
435672505
523507297
5253519185
308397943
187257277
5077000345
740521703
1148749531
116113807
231159891
70880847
27246982
447033705
1627764990
583408438
604433928
172122195
393030914
1884283265
1862506815
67605033
230818137
1356691161
225277286
270911583
1321664651
399139753
737568448
553147242
1366903035
57939919
434315427
41370701
469703173
843461697
775070078
664497497
518652941
370751491
850614606
857345516
655482176
245267188
693001645
836346728
351127322
548366986
158616149
395076437
5206560741
5136023809
42065394
387886324
809065029
1848609095
431900699
5309814552
1491911158
327508465
190109069
953777366
392982023
5133387676
243438626
5086450321
879730839
